p : 5     

m : 11     

Maximize : [ true true true true true ]

Qualitative :  [ false false false false false]

Range : [
2000    7000
3       9
35	100
0	110
0	18
]

IntervalNum : [ 5	6	5	5	6 ]   


!Convex: [ 0 0 0 0 0]

Convex: [-2 -2 -1 -1 -3]

Rate: [20 20 20 20 20]

WeakOrder : [ 1	 2	2	3	4	5	6	7	8	8	9 ]

MCMatrix : [
6240.0	8	90	100	17.87
3650.0	6.2	40	57.220	14.34
3550.0	7.0	65	56.000	6.58
5830.0	4.2	65	40.080	4.68
4790.0	3.9	90	37.270	2.88
3888.0	5.2	45	83.990	0.19
3450.0	4.4	65	30.050	5.07
6240.0	3.8	55	4.180	0.00
5930.0	3.9	36	14.950	0.44
3290.0	5.9	40	11.000	0.80
2640.0	3.4	36	1.00	0.00

]


